76553
76570
76622
76716
76717
76718
76726
76778
76802
76819
76869
76913
76922
76926
76956
76986
76987
77181
77184
77220
77274
77295
77330
77364
77378
77380
77381
77392
77393
77394
77398
77407
77415
77454
77489
77500
77540
77549
77552
77568
77569
77571
77584
77600
77601
77613
77633
77634
77636
77638
77641
77644
77650
77651
77652
77653
77659
77665
77666
77668
77679
77680
77682
77689
77695
77698
77703
77704
77709
77712
77714
77716
77718
77719
77722
77724
77727
77734
77736
77738
77739
77740
77742
77754
77777
77780
77782
77783
77784
77793
77812
77840
77842
77843
77844
77845
77859
77868
77871
77878
77879
77880
77887
77888
77891
77894
77896
77897
77916
77919
77920
77931
77932
77939
77943
77953
77972
77973
77975
77977
77978
77986
77988
77990
77991
77992
77993
78004
78005
78011
78013
78014
78015
78017
78020
78026
78029
78043
78046
78047
78048
78054
78056
78057
78058
78059
78063
78075
78077
78085
78090
78091
78094
78096
78098
78099
78100
78101
78102
78103
78104
78105
78106
78107
78108
78115
78116
78117
78118
78119
78120
78121
78122
78123
78125
78126
78127
78128
78129
78133
78134
78136
78138
78139
78140
78141
78143
78145
78146
78147
78148
78149
78151
78154
78157
78158
78160
78164
78166
78169
78170
78171
78172
78173
78175
78177
78182
78186
78187
78188
78189
78190
78191
78192
78196
78197
78198
78199
78206
78215
78219
78233
78241
78258
78263
78270
78277
78316
78362
78373
78374
78378
78381
78382
78383
78465
78471
78472
78473
78478
78491
78497
78498
78499
78501
78511
78514
78527
78528
78530
78531
78532
78533
78534
78535
78536
78537
78538
78539
78540
78541
78542
78544
78545
78546
78551
78599
78603
78624
78626
78637
78644
78683
78686
78687
78689
78690
78692
78696
78699
78700
78703
78713
78721
78729
78730
78736
78737
78739
78746
78749
78754
78759
78761
78764
78766
78772
78774
78775
78781
78784
78786
78794
78795
78796
78798
78802
78809
78813
78815
78816
78818
78824
78825
78828
78830
78831
78834
78835
78837
78841
78842
78843
78845
78846
78847
78848
78852
78853
78854
78855
78856
78859
78862
78865
78867
78868
78872
78879
78882
78884
78885
78886
78887
78889
78890
78894
78895
78896
78897
78898
78900
78901
78902
78903
78904
78906
78908
78911
78918
78919
78920
78923
78924
78925
78927
78928
78929
78930
78934
78937
78939
78946
78949
78953
78954
78955
78957
78961
78965
78967
78969
78971
78977
78978
78979
78980
78981
78984
78985
78986
78990
79010
79012
79013
79014
79015
79019
79020
79023
79025
79026
79027
79028
79030
79031
79032
79033
79034
79035
79036
79037
79038
79040
79042
79045
79046
79047
79048
79049
79050
79051
79052
79053
79054
79055
79056
79057
79058
79059
79062
79063
79064
79065
79066
79068
79071
79072
79073
79074
79075
79076
79077
79078
79080
79081
79083
79084
79085
79086
79087
79088
79089
79090
79093
79094
79097
79098
79099
79100
79101
79102
79103
79104
79105
79106
79110
79119
79125
79126
79127
79130
79131
79139
79140
79141
79142
79143
79147
79148
79149
79155
79156
79158
79159
79163
79164
79166
79167
79171
79173
79175
79176
79177
79178
79179
79180
79200
79224
79226
79230
79231
79319
79335
79351
79356
79369
79576
79621
79654
79657
79661
79663
79664
79669
79673
79676
79677
79689
79694
79742
79743
79746
79752
79754
79755
79756
79762
79765
79774
79776
79786
79788
79789
79791
79792
79793
79799
79819
79821
79826
79827
79830
79855
79860
79912
79914
79956
79960
79964
79977
79992
80020
80021
80026
80031
80041
80046
80065
80074
80093
80101
80107
80111
80117
80119
80121
80122
80125
80129
80130
80142
80168
80176
80179
80205
80219
80234
80238
80243
80244
80249
80250
80252
80253
80258
80259
80261
80266
80267
80268
80269
80270
80271
80272
80273
80274
80275
80276
80277
80278
80279
80280
80281
80282
80283
80284
80285
80289
80290
80293
80296
80297
80298
80299
80300
80303
80305
80306
80307
80308
80310
80312
80313
80316
80317
80318
80320
80321
80322
80324
80325
80328
80329
80330
80333
80334
80350
80353
80357
80358
80360
80362
80364
80376
80378
80384
80396
80407
80420
80436
80476
80479
80480
80519
80520
80531
80534
80538
80540
80586
80604
80628
80651
80673
80696
80703
80707
80708
80713
80715
80722
80729
80776
80783
80789
80792
80798
80801
80802
80810
80811
80812
80819
80821
80824
80827
80834
80835
80841
80867
80886
80894
80896
80901
80902
80903
80904
80905
80910
80914
80919
80922
80924
80926
80927
80938
80939
80964
80973
80974
80975
80976
80977
80978
80979
80980
80981
80982
80983
80984
80992
81001
81007
81008
81018
81020
81021
81026
81027
81031
81034
81035
81038
81040
81042
81046
81048
81053
81054
81057
81058
81059
81061
81064
81065
81066
81067
81071
81073
81075
81077
81078
81079
81080
81087
81096
81105
81106
81107
81108
81109
81111
81113
81114
81115
81116
81117
81119
81120
81121
81125
81126
81127
81128
81129
81134
81136
81137
81138
81141
81142
81143
81144
81145
81149
81151
81153
81154
81155
81156
81157
81158
81160
81161
81162
81163
81166
81167
81168
81169
81172
81173
81180
81185
81186
81192
81193
81195
81196
81198
81199
81204
81207
81215
81229
81237
81240
81244
81245
81248
81252
81256
81274
81276
81278
81282
81288
81292
81293
81296
81299
81302
81303
81304
81305
81306
81311
81318
81319
81334
81337
81340
81341
81342
81368
81369
81371
81372
81375
81394
81472
81534
81539
81541
81542
81575
81620
81660
81722
81724
81726
81727
81728
81730
81806
81832
81882
81885
81908
81909
81910
81913
81915
81916
81917
81918
81922
81923
81924
81929
81930
81932
81934
81935
81936
81937
81938
81939
81940
81941
81952
81977
81978
82005
82013
82018
82019
82022
82025
82029
82034
82035
82040
82043
82045
82051
82053
82056
82058
82061
82066
82074
82080
82085
82089
82095
82106
82109
82115
82125
82126
82138
82158
82163
82165
82204
82214
82215
82226
82227
82248
82250
82253
82261
82262
82286
82323
82325
82336
82480
82629
82630
82676
82678
82681
82682
82683
82684
82688
82691
82693
82695
82697
82698
82700
82701
82702
82703
82705
82706
82710
82712
82714
82715
82716
82719
82720
82722
82723
82725
82727
82728
82731
82735
82740
82741
82743
82744
82745
82749
82752
82753
82754
82756
82760
82761
82762
82763
82764
82772
82815
82824
82845
82881
82884
82899
82918
82951
82955
82975
82979
82986
82987
83004
83020
83021
83034
83050
83052
83053
83060
83062
83075
83077
83078
83083
83093
83098
83101
83103
83105
83106
83110
83112
83116
83117
83118
83119
83120
83124
83125
83127
83128
83130
83133
83134
83139
83140
83143
83144
83145
83146
83154
83159
83160
83161
83162
83163
83164
83166
83167
83168
83170
83173
83174
83175
83178
83180
83181
83182
83183
83184
83185
83186
83189
83190
83191
83192
83193
83194
83198
83199
83200
83201
83207
83208
83210
83211
83214
83218
83221
83222
83224
83225
83230
83232
83233
83234
83235
83237
83458
83462
83557
83596
83604
83605
83637
83645
83693
83803
83804
83806
83810
83811
83812
83813
83814
83816
83817
83818
83819
83821
83822
83823
83824
83825
83826
83827
83832
83841
83846
83847
83850
83870
83871
83877
83895
83897
83898
83903
83909
83920
83927
83939
83940
83947
83952
83955
83956
83957
83958
83959
83961
83963
83968
83969
83970
83980
83982
83984
83991
84000
84001
84002
84003
84006
84008
84009
84010
84011
84012
84014
84017
84018
84021
84023
84037
84038
84040
84041
84042
84048
84049
84050
84053
84054
84055
84056
84059
84060
84067
84069
84072
84075
84108
84109
84111
84120
84124
84125
84130
84131
84136
84141
84143
84147
84153
84158
84160
84171
84173
84181
84184
84187
84191
84210
84213
84224
84226
84230
84231
84232
84236
84240
84249
84250
84251
84259
84260
84267
84271
84273
84274
84278
84280
84281
84287
84290
84293
84311
84326
84330
84331
84358
84367
84368
84372
84374
84379
84380
84381
84384
84389
84401
84404
84409
84412
84413
84414
84416
84417
84418
84425
84426
84429
84434
84435
84437
84438
84439
84445
84449
84450
84459
84468
84481
84488
84489
84491
84492
84497
84506
84512
84513
84516
84517
84524
84525
84527
84530
84537
84541
84543
84558
84574
84575
84579
84589
84595
84600
84612
84620
84621
84624
84630
84637
84638
84642
84652
84663
84666
84668
84674
84687
84699
84703
84708
84715
84716
84717
84718
84719
84721
84731
84736
84745
84749
84756
84763
84771
84776
84777
84783
84794
84805
84815
84818
84820
84824
84837
84838
84839
84847
84850
84861
84866
84869
84875
84876
84877
84882
84884
84886
84887
84888
84890
84891
84892
84896
84901
84908
84914
84916
84923
84924
84928
84931
84933
84936
84942
84943
84944
84945
84947
84948
84949
84950
84951
84956
84959
84960
84965
84968
84969
84972
84976
84977
84979
84981
84982
84988
85013
85044
85061
85062
85076
85077
85081
85089
85094
85098
85104
85108
85117
85120
85134
85138
85140
85141
85142
85143
85145
85148
85156
85163
85168
85169
85171
85172
85174
85178
85182
85184
85186
85189
85191
85196
85197
85203
85206
85208
85214
85215
85217
85223
85225
85232
85233
85235
85240
85241
85248
85255
85259
85269
85273
85275
85278
85279
85280
85281
85282
85283
85289
85290
85292
85298
85300
85304
85307
85308
85312
85316
85330
85335
85359
85364
85377
85378
85385
85390
85391
85392
85393
85396
85400
85426
85427
85431
85440
85459
85464
85468
85472
85475
85476
85477
85559
85574
85587
85588
85606
85634
85635
85637
85639
85641
85645
85646
85682
85690
85704
85718
85740
85741
85759
85763
85765
85773
85777
85778
85779
85784
85805
85812
85813
85820
85824
85825
85826
85831
85834
85836
85838
85846
85856
85865
85870
85872
85878
85882
85885
85894
85905
85909
85913
85915
85920
85934
85936
85944
85945
85946
85948
85949
85953
85968
85969
85972
85976
85977
85978
85984
86019
86029
86031
86032
86034
86038
86043
86047
86048
86051
86052
86056
86078
86084
86086
86088
86094
86098
86102
86110
86113
86120
86121
86125
86129
86130
86132
86133
86134
86154
86155
86170
86184
86186
86189
86191
86192
86198
86200
86204
86206
86207
86208
86209
86210
86212
86213
86224
86225
86226
86227
86228
86236
86241
86257
86261
86263
86276
86284
86285
86286
86291
86292
86296
86297
86299
86303
86315
86317
86341
86348
86351
86352
86353
86508
86562
86566
86569
86582
86584
86611
86680
86821
86828
86831
86832
86833
86834
86835
86837
86844
86849
86858
86873
86874
86878
86890
86893
86896
86902
87004
87015
87025
87028
87058
87072
87096
87097
87118
87153
87155
87157
87158
87165
87167
87169
87171
87176
87177
87180
87182
87183
87184
87186
87188
87191
87204
87206
87213
87217
87234
87249
87259
87262
87269
87271
87274
87277
87297
87298
87304
87306
87307
87310
87335
87336
87337
87338
87380
87389
87390
87392
87393
87395
87400
87422
87449
87459
87471
87475
87478
87483
87484
87496
87503
87505
87509
87511
87521
87564
87565
87570
87572
87579
87580
87590
87591
87592
87595
87596
87599
87603
87609
87642
87722
87732
87736
87773
87775
87776
87777
87786
87787
87788
87790
87794
87833
87838
87839
87841
87844
87845
87846
87847
87848
87849
87852
87854
87855
87859
87861
87862
87863
87866
87867
87868
87872
87874
87875
87876
87880
87881
87882
87883
87884
87888
87889
87891
87895
87896
87899
87902
87912
87916
87917
87922
87928
87934
87943
87945
87953
87958
87960
87961
87969
88015
88024
88027
88028
88035
88042
88052
88053
88058
88064
88069
88071
88089
88098
88135
88138
88146
88147
88149
88151
88153
88156
88159
88161
88166
88170
88172
88179
88181
88184
88185
88187
88194
88195
88196
88199
88200
88203
88204
88206
88211
88217
88218
88219
88224
88226
88227
88236
88241
88244
88246
88247
88248
88253
88257
88258
88261
88263
88267
88270
88272
88274
88275
88276
88277
88278
88280
88281
88282
88283
88284
88288
88289
88290
88291
88292
88293
88294
88295
88296
88297
88301
88303
88304
88306
88308
88309
88313
88314
88315
88316
88318
88319
88321
88322
88323
88324
88325
88326
88328
88330
88331
88333
88334
88336
88338
88342
88343
88345
88346
88348
88353
88354
88355
88358
88360
88362
88363
88368
88369
88371
88373
88375
88376
88378
88379
88380
88382
88384
88385
88387
88388
88389
88392
88394
88395
88396
88397
88398
88399
88400
88401
88402
88403
88404
88406
88408
88409
88412
88413
88414
88415
88416
88417
88420
88422
88426
88427
88430
88431
88432
88433
88434
88435
88436
88439
88440
88441
88442
88443
88445
88447
88453
88454
88455
88458
88462
88463
88464
88465
88466
88467
88470
88471
88472
88473
88474
88475
88478
88480
88483
88484
88487
88489
88490
88491
88492
88493
88494
88497
88499
88500
88501
88503
88504
88505
88506
88507
88509
88510
88512
88513
88514
88518
88520
88525
88526
88527
88528
88529
88530
88531
88532
88533
88534
88535
88536
88538
88540
88541
88542
88543
88544
88545
88546
88547
88548
88549
88550
88551
88552
88553
88554
88555
88557
88558
88559
88561
88635
88645
88647
88648
88706
88710
88711
88712
88713
88715
88718
88720
88799
88885
88887
88902
88904
88919
88951
88986
88992
88993
88999
89001
89002
89004
89005
89006
89008
89009
89013
89016
89018
89020
89022
89023
89030
89031
89032
89041
89044
89045
89046
89053
89056
89057
89058
89059
89060
89061
89062
89064
89065
89066
89067
89079
89081
89092
89097
89099
89101
89102
89108
89109
89113
89114
89118
89119
89120
89123
89127
89130
89135
89136
89140
89144
89145
89147
89148
89149
89151
89152
89153
89156
89159
89162
89163
89164
89167
89168
89171
89172
89174
89175
89176
89177
89178
89179
89180
89181
89182
89183
89184
89186
89190
89200
89201
89207
89210
89213
89220
89222
89223
89224
89225
89229
89231
89235
89238
89239
89240
89252
89253
89254
89261
89262
89265
89266
89268
89271
89273
89274
89276
89277
89288
89289
89298
89305
89306
89310
89311
89312
89313
89315
89322
89331
89333
89337
89347
89350
89353
89355
89356
89362
89365
89371
89383
89388
89417
89419
89420
89424
89440
89448
89457
89461
89463
89465
89468
89470
89471
89472
89473
89475
89479
89480
89482
89484
89485
89486
89487
89488
89490
89491
89492
89493
89495
89499
89501
89502
89504
89506
89513
89514
89523
89524
89526
89530
89534
89536
89552
89553
89554
89574
89575
89576
89577
89578
89579
89580
89582
89583
89584
89585
89586
89589
89590
89591
89592
89654
89659
89662
89686
89697
89711
89718
89720
89721
89727
89734
89739
89758
89767
89787
89788
89789
89796
89798
89827
89837
89838
89839
89846
89847
89848
89851
89853
89860
89865
89869
89872
89873
89889
89898
89902
89903
89906
89907
89908
89911
89925
89927
89933
89943
89944
89946
89952
89953
89954
89956
89957
89958
89962
89963
89964
89966
89967
89969
89970
89971
89972
89973
89974
89975
89976
89985
89987
90104
90119
90148
90197
90210
90212
90253
90309
90312
90317
90318
90319
90320
90321
90322
90324
90326
90327
90328
90329
90330
90333
90334
90335
90336
90339
90340
90341
90345
90349
90350
90352
90354
90355
90357
90359
90360
90362
90363
90365
90366
90367
90368
90371
90373
90374
90375
90376
90377
90378
90379
90381
90383
90384
90385
90386
90387
90388
90389
90392
90394
90395
90396
90397
90398
90399
90400
90401
90402
90404
90405
90406
90407
90408
90409
90412
90413
90414
90415
90417
90420
90421
90422
90423
90428
90430
90432
90433
90434
90437
90438
90439
90441
90443
90444
90445
90446
90447
90448
90449
90450
90453
90455
90456
90458
90459
90460
90461
90462
90463
90464
90465
90467
90468
90470
90471
90472
90473
90474
90478
90480
90481
90482
90483
90484
90486
90489
90491
90492
90493
90494
90495
90496
90498
90499
90500
90507
90514
90522
90531
90533
90535
90536
90542
90546
90552
90553
90558
90562
90563
90565
90584
90585
90586
90587
90595
90601
90605
90606
90608
90609
90610
90611
90612
90614
90636
90638
90643
90647
90648
90649
90650
90652
90653
90664
90667
90668
90680
90683
90686
90702
90722
90732
90786
90794
90796
90797
90814
90852
90854
90855
90857
90866
90875
90877
90878
90879
90880
90881
90889
90890
90892
90893
90904
90905
90906
90908
90916
93376
93378
93423
93449
93451
93459
93465
93468
93469
93593
93595
93652
93656
93672
93679
93681
93682
93686
93690
93691
93692
93694
93695
93697
93698
93699
93700
93701
93709
93713
93714
93724
93732
93733
93737
93743
93744
93758
93760
93761
93762
93763
93764
93771
93772
93777
93779
93786
93795
93796
93798
93802
93805
93819
93820
93823
93825
93826
93827
93828
93829
93831
93833
93834
93837
93839
93840
93848
93849
93853
93854
93855
93856
93857
93858
93859
93860
93862
93865
93866
93871
93873
93874
93875
93877
93878
93879
93881
93885
93887
93888
93893
93906
93910
93914
93924
93925
93926
93927
93942
93944
93945
93946
93947
93949
93951
93957
93974
93999
94008
94009
94013
94014
94030
94031
94039
94040
94042
94043
94044
94045
94046
94048
94049
94051
94052
94053
94054
94055
94056
94057
94058
94059
94060
94061
94062
94063
94064
94065
94066
94067
94069
94070
94071
94072
94073
94074
94075
94076
94077
94078
94079
94080
94081
94082
94083
94084
94085
94086
94087
94088
94089
94090
94091
94092
94094
94095
94096
94097
94098
94099
94100
94101
94102
94103
94105
94106
94107
94109
94110
94111
94113
94114
94115
94117
94118
94119
94120
94121
94122
94124
94125
94126
94127
94128
94129
94130
94131
94133
94134
94135
94137
94138
94139
94140
94141
94142
94143
94144
94145
94146
94147
94148
94149
94150
94151
94152
94153
94154
94155
94156
94157
94158
94159
94160
94161
94162
94163
94164
94165
94166
94167
94168
94169
94170
94171
94172
94173
94174
94175
94176
94177
94179
94180
94181
94182
94183
94184
94185
94186
94187
94188
94189
94190
94191
94192
94193
94194
94195
94196
94197
94198
94199
94200
94201
94202
94203
94205
94206
94208
94209
94210
94211
94212
94213
94214
94215
94216
94217
94218
94219
94220
94221
94222
94223
94224
94226
94227
94228
94229
94230
94231
94232
94233
94234
94235
94237
94238
94239
94240
94241
94242
94243
94244
94245
94246
94247
94248
94249
94250
94251
94252
94253
94254
94255
94256
94257
94258
94259
94260
94261
94262
94263
94264
94265
94266
94267
94268
94269
94270
94271
94272
94273
94274
94275
94276
94277
94278
94279
94280
94281
94282
94283
94284
94285
94286
94287
94288
94289
94290
94291
94292
94293
94294
94295
94296
94297
94298
94299
94300
94301
94302
94303
94304
94305
94306
94307
94322
94347
94353
94358
94359
94371
94388
94405
94407
94413
94418
94421
94437
94441
94442
94443
94444
94451
94453
94457
94459
94460
94461
94462
94464
94466
94467
94468
94469
94470
94471
94472
94473
94474
94475
94503
94526
94565
94567
94580
94589
94604
94627
94629
94646
94655
94659
94663
94666
94667
94668
94669
94677
94683
94687
94690
94695
94697
94726
94729
94735
94749
94751
94752
94753
94761
94765
94783
94791
94793
94803
94804
94810
94817
94822
94828
94829
94833
94837
94845
94852
94853
94854
94856
94857
94859
94860
94861
94863
94864
94870
94877
94880
94881
94883
94884
94890
94896
94898
94899
94900
94908
94915
94918
94919
94923
94931
94934
94937
94939
94940
94944
94949
94950
94951
94952
94953
94954
94955
94957
94959
94961
94962
94964
94965
94966
94967
94968
94969
94970
94971
94972
94975
94987
95007
95178
95256
95267
95518
95524
95529
95530
95538
95546
95547
95550
95551
95568
95639
95669
95670
95676
95682
95683
95688
95692
95694
95709
95731
95735
95739
95747
95763
95820
95821
95832
95833
95845
95949
95964
95968
95975
95979
95980
95983
95986
95987
95991
95992
95993
95994
96000
96002
96003
96008
96014
96015
96019
96020
96022
96023
96025
96026
96027
96028
96029
96034
96037
96039
96041
96050
96055
96058
96062
96068
96071
96074
96076
96081
96083
96084
96085
96101
96102
96108
96111
96114
96117
96122
96124
96125
96128
96133
96140
96141
96142
96143
96144
96146
96147
96148
96155
96159
96160
96164
96169
96172
96173
96175
96179
96185
96188
96191
96195
96208
96209
96212
96215
96218
96219
96220
96222
96223
96224
96229
96231
96236
96237
96242
96244
96245
96246
96249
96251
96253
96254
96255
96256
96259
96260
96261
96265
96266
96267
96268
96269
96270
96272
96273
96274
96277
96278
96281
96282
96283
96284
96285
96287
96289
96290
96291
96292
96294
96295
96296
96298
96299
96301
96303
96306
96308
96309
96315
96319
96320
96322
96323
96324
96327
96328
96329
96330
96334
96335
96336
96338
96339
96340
96344
96345
96346
96350
96351
96352
96376
96379
96384
96385
96386
96387
96389
96391
96399
96453
96526
96527
96529
96539
96540
96541
96545
96569
96579
96581
96582
96615
96632
96646
96647
96649
96650
96653
96656
96659
96661
96664
96684
96685
96686
96693
96695
96696
96698
96701
96703
96707
96710
96713
96717
96718
96722
96734
96742
96743
96744
96745
96746
96747
96749
96750
96751
96754
96756
96757
96760
96761
96762
96785
96805
96808
96839
96840
96857
96930
97009
97010
97029
97073
97075
97156
97186
97212
97219
97233
97255
97301
97303
97304
97305
97309
97310
97313
97344
97352
97355
97422
97438
97465
97467
97494
97499
97507
97511
97515
97521
97526
97529
97537
97541
97562
97566
97567
97568
97571
97574
97575
97576
97577
97578
97579
97580
97582
97583
97584
97585
97586
97587
97588
97589
97590
97591
97592
97593
97594
97595
97621
97622
97627
97990
98091
98096
98117
98157
98205
98207
98208
98211
98212
98213
98215
98216
98217
98218
98223
98224
98225
98226
98227
98255
98415
98430
98436
98538
98546
98550
98551
98553
98555
98560
98562
98565
98571
98586
98602
98659
98692
98693
98712
98742
98755
98763
98764
98765
98776
98780
98812
98818
98819
98821
98822
98845
98913
99063
99066
99069
99079
99100
99246
99267
99274
99283
99291
99293
99296
99297
99300
99301
99302
99304
99306
99310
99313
99314
99315
99317
99320
99322
99327
99329
99332
99334
99336
99338
99339
99341
99351
99354
99355
99356
99357
99358
99359
99361
99363
99364
99365
99367
99368
99369
99371
99372
99373
99393
99396
99397
99398
99399
99404
99425
99434
99451
99455
99459
99460
99468
99474
99483
99494
99504
99505
99509
99511
99515
99516
99517
99521
99522
99524
99527
99528
99529
99530
99534
99536
99538
99539
99540
99541
99542
99543
99544
99545
99546
99547
99548
99549
99550
99551
99552
99556
99557
99558
99560
99563
99564
99565
99566
99567
99568
99569
99570
99571
99572
99573
99574
99575
99576
99577
99578
99579
99580
99581
99582
99583
99584
99585
99587
99588
99589
99590
99591
99593
99594
99595
99596
99597
99598
99599
99600
99601
99603
99605
99606
99609
99610
99611
99612
99613
99614
99615
99616
99617
99619
99622
99636
99639
99645
99647
99659
99669
99684
99696
99698
99700
99703
99706
99708
99716
99725
99726
99727
99728
99729
99730
99732
99736
99742
99748
99768
99782
99786
99788
99789
99795
99799
99802
99803
99804
99805
99806
99807
99808
99811
99813
99815
99816
99819
99820
99821
99827
99829
99833
99834
99850
99854
99872
99875
99892
99897
99900
99914
99917
99925
99926
99927
99930
99931
99939
99940
99942
99944
99951
99954
99955
99957
99961
99970
99976
99988
99993
99994
99996
99997
99998
99999
100000
100042
100043
100307
100329
100334
100407
100483
100484
100538
100576
100577
100586
100790
100793
100795
100796
100799
100823
100862
100921
101012
101015
101019
101024
101030
101035
101042
101047
101052
101053
101056
101064
101065
101069
101073
101080
101083
101086
101087
101088
101089
101091
101100
101101
101102
101103
101104
101107
101108
101109
101111
101112
101114
101115
101119
101122
101124
101127
101130
101131
101132
101133
101135
101136
101139
101142
101158
101162
101163
101168
101184
101187
101190
101191
101195
101196
101198
101199
101201
101205
101206
101207
101209
101210
101212
101214
101215
101219
101227
101228
101231
101233
101241
101243
101244
101249
101254
101258
101259
101260
101262
101282
101284
101314
101325
101329
101334
101342
101344
101374
101387
101389
101405
101424
101432
101434
101436
101441
101456
101464
101467
101469
101494
101497
101505
101520
101538
101548
101554
101557
101558
101559
101561
101562
101563
101568
101570
101572
101580
101586
101613
101614
101615
101616
101617
101618
101619
101620
101621
101641
101642
101650
101655
101681
101701
101709
101724
101739
101740
101762
101763
101778
101783
101784
101807
101814
101822
101823
101825
101827
101831
101832
101837
101840
101842
101846
101847
101848
101849
101850
101851
101852
101853
101854
101859
101896
101897
101899
101900
101901
101902
101904
101905
101906
101907
101908
101909
101911
101919
101920
101921
101954
101955
101957
101960
101964
101977
101988
101990
101997
102001
102049
102073
102084
102086
102095
102099
102104
102112
102114
102124
102128
102129
102130
102131
102132
102134
102145
102151
102161
102162
102198
102209
102215
102217
102228
102236
102245
102246
102247
102250
102251
102254
102263
102267
102269
102270
102274
102275
102276
102277
102278
102280
102284
102285
102287
102289
102292
102293
102294
102295
102297
102298
102300
102301
102302
102303
102304
102308
102310
102311
102312
102315
102317
102318
102323
102324
102331
102336
102364
102367
102368
102380
102391
102395
102401
102403
102407
102416
102417
102418
102419
102421
102424
102426
102427
102429
102430
102435
102436
102481
102568
102577
102578
102579
102580
102581
102582
102584
102585
102586
102587
102588
102607
102750
102794
102800
102901
102941
102974
102978
102993
102997
102998
102999
103000
103001
103003
103004
103005
103006
103007
103008
103009
103013
103021
103022
103023
103027
103028
103033
103060
103082
103163
103164
103165
103166
103167
103168
103207
103223
103226
103250
103278
103279
103284
103285
103286
103288
103290
103295
103302
103306
103308
103309
103314
103317
103329
103337
103341
103344
103345
103346
103348
103349
103350
103351
103352
103353
103354
103356
103357
103364
103365
103370
103371
103372
103375
103383
103385
103386
103397
103398
103401
103402
103403
103404
103406
103407
103408
103409
103411
103412
103413
103414
103415
103417
103426
103431
103432
103433
103438
103439
103440
103441
103442
103444
103450
103454
103458
103459
103462
103466
103467
103468
103469
103475
103486
103487
103488
103491
103493
103495
103497
103498
103500
103503
103504
103508
103510
103512
103516
103519
103520
103523
103524
103525
103528
103529
103531
103535
103538
103539
103540
103541
103542
103556
103557
103558
103559
103560
103564
103569
103570
103573
103575
103576
103577
103578
103579
103581
103582
103591
103595
103600
103604
103607
103662
103666
103681
103692
103693
103695
103699
103702
103706
103707
103709
103712
103713
103714
103715
103718
103724
103733
103736
103737
103741
103742
103743
103746
103747
103749
103750
103751
103753
103758
103778
103798
103799
103800
103941
103942
103964
103970
103972
103975
103976
103978
103983
103987
103988
103989
103990
103992
103994
103997
104003
104004
104006
104007
104012
104013
104014
104016
104020
104021
104023
104024
104025
104026
104029
104030
104034
104036
104037
104038
104039
104041
104043
104044
104045
104047
104048
104049
104053
104054
104055
104056
104057
104058
104059
104061
104063
104065
104066
104067
104069
104073
104074
104076
104081
104082
104094
104095
104099
104100
104103
104106
104109
104116
104118
104120
104121
104122
104126
104127
104129
104132
104134
104143
104144
104145
104149
104152
104154
104155
104157
104159
104160
104162
104163
104164
104165
104166
104168
104169
104170
104171
104173
104174
104175
104176
104178
104179
104180
104181
104182
104183
104184
104185
104186
104187
104188
104189
104190
104191
104192
104193
104196
104198
104199
104200
104201
104203
104204
104205
104206
104207
104209
104213
104214
104217
104218
104219
104223
104224
104225
104228
104231
104235
104240
104241
104243
104246
104248
104249
104250
104252
104254
104255
104256
104257
104258
104260
104261
104262
104263
104265
104266
104267
104268
104270
104271
104274
104277
104278
104279
104280
104281
104283
104286
104287
104288
104289
104290
104291
104292
104294
104296
104298
104299
104315
104339
104366
104384
104399
104422
104434
104442
104449
104453
104456
104461
104473
104478
104511
104517
104553
104556
104562
104571
104579
104580
104618
104648
104654
104655
104674
104688
104690
104691
104711
104712
104722
104730
104747
104752
104763
104766
104791
104792
104793
104794
104795
104796
104797
104798
104800
104801
104802
104803
104804
104805
104807
105142
105196
105203
105248
105282
105301
105308
105322
105335
105342
105503
105527
105528
105531
105532
105534
105537
105539
105542
105545
105546
105547
105548
105551
105553
105555
105578
105592
105595
105598
105601
105618
105632
105634
105645
105646
105677
105688
105692
105693
105696
105703
105710
105712
105717
105720
105721
105722
105723
105729
105730
105736
105744
105753
105755
105757
105758
105759
105760
105761
105765
105766
105769
105773
105774
105776
105777
105779
105784
105785
105786
105787
105788
105789
105790
105791
105795
105796
105798
105799
105805
105806
105809
105814
105816
105818
105821
105823
105824
105825
105826
105829
105830
105831
105833
105835
105840
105845
105846
105847
105850
105852
105853
105854
105859
105860
105861
105862
105863
105864
105865
105866
105868
105870
105882
105884
105885
105889
105890
105895
105896
105904
105950
105951
105953
105954
105956
105957
105958
105960
105962
105999
106011
106074
106100
106120
106122
106182
106307
106308
106309
106311
106323
106325
106327
106333
106335
106339
106340
106344
106346
106347
106349
106355
106356
106357
106358
106359
106360
106367
106371
106374
106379
106381
106383
106384
106386
106395
106401
106402
106403
106405
106411
106412
106419
106420
106421
106424
106425
106427
106432
106433
106435
106437
106439
106440
106445
106450
106453
106462
106464
106465
106468
106470
106476
106479
106480
106482
106485
106487
106491
106500
106502
106504
106510
106521
106523
106525
106526
106529
106532
106533
106542
106545
106549
106550
106551
106553
106554
106558
106563
106566
106569
106577
106580
106582
106592
106593
106594
106602
106603
106604
106605
106616
106617
106630
106632
106639
106657
106660
106662
106664
106666
106668
106670
106671
106674
106675
106677
106680
106681
106683
106684
106685
106686
106690
106691
106702
106706
106707
106708
106712
106717
106718
106721
106722
106723
106727
106729
106730
106733
106734
106735
106736
106739
106745
106747
106748
106751
106758
106768
106780
106781
106789
106792
106793
106797
106798
106804
106805
106809
106812
106817
106819
106821
106823
106824
106838
106840
106841
106847
106848
106849
106854
106862
106864
106873
106875
106879
106882
106885
106895
106901
106902
106905
106911
106920
106921
106927
106930
106933
106935
106939
106941
106942
106944
106947
106948
106949
106958
106961
106963
106964
106970
106974
106975
106976
106981
106986
106988
106999
107003
107014
107016
107018
107025
107029
107032
107034
107035
107047
107053
107056
107058
107079
107081
107083
107099
107103
107106
107116
107118
107131
107133
107140
107141
107146
107148
107160
107166
107168
107169
107172
107176
107178
107180
107184
107185
107194
107200
107202
107203
107209
107211
107212
107219
107222
107224
107248
107249
107253
107256
107265
107271
107292
107295
107304
107316
107324
107331
107336
107338
107339
107344
107347
107348
107351
107357
107359
107368
107372
107375
107377
107378
107382
107394
107400
107401
107404
107406
107409
107411
107419
107421
107427
107431
107435
107437
107438
107439
107441
107442
107445
107446
107448
107454
107455
107457
107459
107460
107461
107464
107466
107469
107470
107473
107482
107486
107488
107497
107501
107502
107508
107509
107511
107513
107514
107517
107518
107519
107523
107524
107526
107528
107530
107531
107535
107537
107539
107543
107547
107549
107550
107551
107555
107557
107560
107566
107567
107570
107585
107590
107591
107592
107594
107600
107603
107604
107605
107610
107611
107616
107617
107618
107619
107620
107628
107633
107635
107636
107637
107641
107642
107643
107645
107648
107658
107660
107662
107663
107665
107667
107669
107675
107678
107680
107682
107683
107684
107686
107687
107688
107689
107694
107695
107698
107705
107906
107959
108043
108044
108068
108070
108071
108074
108075
108076
108077
108079
108082
108083
108084
108127
108226
108231
108234
108239
108244
108252
108268
108271
108276
108278
108300
108312
108314
108326
108328
108331
108333
108334
108335
108343
108347
108348
108350
108363
108367
108373
108375
108376
108381
108382
108386
108392
108405
108407
108409
108410
108412
108417
108420
108423
108424
108425
108426
108427
108428
108429
108434
108463
108468
108472
108488
108489
108490
108492
108494
108504
108511
108518
108537
108540
108549
108550
108552
108559
108560
108563
108573
108575
108603
108605
108609
108610
108611
108612
108614
108616
108621
108627
108633
108636
108645
108646
108648
108650
108651
108653
108655
108656
108658
108663
108671
108673
108675
108677
108678
108679
108694
108728
108735
108736
108737
108738
108739
108742
108787
108813
108814
108823
108825
108826
108831
108856
108861
108862
108863
108866
108867
108870
108874
108875
108876
108878
108879
108882
108883
108887
108889
108891
108906
108973
108986
109000
109013
109024
109046
109048
109049
109057
109063
109065
109068
109087
109090
109091
109095
109096
109105
109108
109110
109113
109126
109128
109129
109134
109136
109148
109149
109153
109155
109156
109157
109167
109168
109169
109170
109171
109174
109175
109176
109177
109178
109182
109185
109188
109189
109190
109191
109192
109193
109196
109197
109198
109206
109207
109211
109220
109225
109245
109269
109273
109284
109290
109292
109294
109298
109323
109343
109344
109361
109385
109388
109389
109390
109391
109392
109393
109394
109401
109402
109404
109405
109406
109408
109409
109411
109412
109413
109414
109415
109416
109418
109419
109420
109421
109422
109423
109424
109426
109427
109428
109429
109430
109431
109432
109434
109435
109436
109442
109444
109445
109446
109447
109448
109449
109450
109452
109454
109455
109456
109461
109462
109463
109465
109466
109467
109468
109470
109471
109472
109473
109474
109475
109489
109524
109527
109528
109530
109531
109564
109566
109583
109612
109613
109618
109621
109622
109689
109692
109705
109709
109752
109851
109859
109861
109870
109876
109880
109891
109892
110229
110299
110549
110550
110565
110603
110604
110617
110625
110636
110637
110638
110641
110657
110658
110662
110665
110666
110669
110672
110674
110679
110680
110681
110684
110687
110693
110697
110698
110699
110716
110717
110726
110732
110737
110743
110744
110754
110755
110756
110759
110760
110766
110771
110772
110774
110776
110778
110782
110783
110784
110785
110788
110794
110796
110799
110803
110805
110806
110816
110822
110830
110831
110836
110847
110848
110945
110965
110998
110999
111003
111012
111018
111022
111030
111079
111080
111083
111085
111100
111106
111136
111153
111154
111157
111166
111180
111181
111182
111196
111200
111210
111223
111225
111232
111234
111243
111264
111265
111266
111293
111308
111309
111315
111326
111339
111343
111346
111348
111352
111362
111368
111375
111376
111377
111388
111397
111431
111451
111452
111457
111458
111466
111467
111469
111473
111477
111484
111489
111490
111491
111493
111496
111497
111503
111505
111509
111513
111523
111533
111590
111601
111626
111627
111644
111686
111700
111714
111732
111733
111757
111839
111863
111873
111877
111883
111892
111893
111894
111895
111897
111917
111921
111922
111933
111945
111953
111955
111961
111963
111964
111965
111966
111967
111968
111980
111981
111982
112017
112027
112033
112041
112051
112054
112080
112082
112087
112095
112097
112101
112102
112103
112104
112105
112109
112111
112113
112118
112124
112132
112135
112144
112156
112183
112199
112217
112223
112232
112236
112240
112241
112265
112281
112290
112451
112806
112824
112825
112883
112976
112993
113004
113027
113035
113040
113044
113045
113094
113121
113132
113143
113156
113157
113163
113166
113170
113172
113175
113178
113179
113180
113181
113182
113183
113184
113185
113187
113188
113189
113190
113191
113192
113193
113194
113196
113197
113198
113199
113223
113264
113292
113293
113294
113295
113365
113394
113448
113458
113459
113470
113533
113546
113551
113566
113574
113581
113591
113603
113609
113616
113619
113625
113626
113648
113651
113652
113656
113658
113661
113665
113684
113685
113687
113691
113692
113718
113721
113730
113779
113795
113796
113806
113807
113809
113812
113817
113818
113836
113837
113838
113849
113850
113852
113931
113971
113995
114011
114019
114045
114046
114066
114075
114076
114078
114083
114116
114123
114136
114153
114158
114176
114188
114209
114317
114349
114368
114376
114397
114398
114401
114405
114443
114470
114472
114484
114557
114564
114631
114832
114834
114842
114915
114968
114972
114983
115016
115035
115038
115066
115070
115077
115083
115084
115111
115113
115127
115141
115164
115182
115200
115262
115263
115265
115275
115295
115305
115315
115326
115343
115347
115369
115394
115426
115461
115480
115485
115552
115559
115560
115564
115568
115578
115594
115598
115613
115614
115617
115634
115643
115646
115653
115660
115680
115681
115695
115696
115717
115723
115725
115738
115749
115755
115758
115759
115760
115763
115766
115773
115785
115790
115807
115815
115820
115828
115832
115833
115843
115846
115851
115871
115880
115890
115892
115896
115906
115928
115929
115936
115944
115948
115949
115971
115977
116000
116035
116042
116046
116049
116050
116052
116053
116086
116169
116170
116177
116178
116179
116180
116181
116224
116244
116247
116248
116255
116259
116274
116275
116291
116292
116304
116324
116333
116357
116361
116365
116371
116382
116393
116398
116415
116431
116433
116435
116436
116438
116440
116441
116445
116446
116454
116455
116496
116506
116510
116513
116520
116526
116527
116528
116540
116559
116564
116568
116572
116575
116577
116585
116586
116587
116637
116640
116641
116655
116657
116659
116665
116667
116668
116669
116670
116671
116677
116678
116704
116713
116716
116719
116724
116725
116726
116728
116729
116730
116731
116732
116734
116735
116736
116737
116738
116740
116741
116744
116776
116787
116807
116809
116812
116815
116819
116820
116821
116822
116824
116848
116849
116877
116886
116891
116892
116896
116897
116898
116899
116900
116901
116902
116903
116906
116907
117202
117208
117225
117228
117229
117230
117232
117233
117234
117239
117241
117242
117243
117244
117246
117247
117248
117249
117257
117260
117261
117262
117263
117264
117265
117267
117268
117280
117283
117284
117285
117286
117287
117288
117289
117290
117291
117293
117294
117296
117299
117300
117304
117305
117306
117307
117308
117309
117310
117311
117312
117314
117315
117316
117317
117318
117319
117320
117321
117322
117323
117324
117341
117342
117344
117349
117362
117371
117376
117377
117382
117383
117393
117395
117400
117402
117408
117409
117410
117417
117420
117421
117422
117424
117425
117426
117433
117434
117438
117441
117442
117445
117450
117456
117458
117459
117460
117461
117462
117466
117473
117479
117487
117489
117505
117506
117507
117508
117509
117510
117511
117512
117513
117515
117516
117517
117544
117557
117563
117566
117567
117570
117571
117573
117574
117577
117588
117631
117650
117685
117749
117782
117788
117834
117860
117865
117872
117882
117883
117884
117885
117886
117887
117888
117889
117890
117891
117893
117894
118201
118208
118239
118273
118415
118458
118513
118646
118647
118743
118808
118818
118849
118854